1;2805.00;10.10;1563.00;small
1;2774.00;10.43;1555.00;small
2;2777.00;11.38;1604.00;small
2;2748.00;11.30;1568.00;small
3;2734.00;13.20;1684.00;small
3;2749.00;11.82;1649.00;small
4;2698.00;9.98;1606.00;small
4;2677.00;10.05;1578.00;small
5;2882.00;9.73;1537.00;small
5;2900.00;9.60;1570.00;small
6;2950.00;10.03;1568.00;small
6;2967.00;9.70;1632.00;small
7;2975.00;11.25;1493.00;big
7;2929.00;10.90;1520.00;big
8;3034.00;9.70;1585.00;big
8;3058.00;10.00;1547.00;small
8;2995.00;9.78;1555.00;small
9;3099.00;9.98;1685.00;small
9;3137.00;9.50;1742.00;small
10;3026.00;10.38;1661.00;small
10;3047.00;10.10;1714.00;small
11;2971.00;12.70;1794.00;big
11;2932.00;14.12;1735.00;big
12;3228.00;10.70;1924.00;small
12;3330.00;11.05;1927.00;small
13;3184.00;9.50;1779.00;big
13;3259.00;9.73;1794.00;big
14;3832.00;10.30;1761.00;big
14;3775.00;10.50;1657.00;big
14;3921.00;9.80;1669.00;big
16;2799.00;9.50;1783.00;big
16;2821.00;9.50;1650.00;big
17;3380.00;14.60;798.00;big
18;2833.00;9.50;1552.00;small
18;2754.00;9.50;1517.00;small
19;2851.00;9.80;1496.00;big
19;2896.00;10.43;1482.00;big
20;2826.00;10.00;1407.00;big
20;2887.00;9.73;1414.00;big
21;2945.00;11.60;1440.00;big
21;3023.00;14.18;1465.00;big
22;3136.00;10.07;1490.00;small
22;3080.00;10.43;1501.00;small
22;3030.00;10.93;1521.00;small
23;3045.00;9.88;1329.00;small
23;2991.00;11.10;1388.00;small
24;3057.00;12.18;1418.00;small
24;3121.00;12.73;1380.00;small
25;3152.00;10.45;1312.00;small
25;3224.00;9.75;1347.00;small
26;3232.00;9.85;1461.00;small
26;3227.00;9.70;1412.00;small
26;3187.00;13.43;1379.00;small
27;3096.00;9.80;1457.00;small
27;3170.00;15.30;1452.00;small
28;3413.00;10.55;1229.00;small
28;3520.00;9.70;1169.00;small
28;3477.00;12.28;1233.00;small
29;3029.00;9.50;1248.00;big
29;3121.00;9.50;1237.00;big
30;3359.00;9.50;1389.00;big
30;3260.00;9.50;1382.00;big
31;3995.00;11.73;950.00;big
31;3992.00;11.10;879.00;big
32;1245.00;9.50;119.00;big
32;1155.00;9.50;410.00;big
33;376.00;9.95;1930.00;small
33;633.00;9.50;1954.00;small
34;1544.00;9.70;1006.00;big
34;1458.00;9.50;1066.00;big
35;1756.00;11.25;282.00;big
35;1917.00;9.80;313.00;big
35;1850.00;9.90;477.00;big
35;1727.00;11.93;128.00;big
36;2024.00;11.30;1989.00;big
36;2138.00;14.23;1954.00;big
37;3214.00;10.30;1689.00;big
37;3171.00;10.40;1644.00;big
38;3129.00;10.23;1593.00;big
38;3123.00;10.82;1529.00;big
38;3083.00;9.80;1572.00;big
39;3182.00;9.98;1576.00;big
39;3190.00;10.60;1521.00;big
39;3215.00;10.35;1607.00;big
40;3546.00;10.75;1623.00;big
40;3543.00;9.80;1702.00;big
40;3656.00;10.10;1626.00;big
40;3639.00;10.50;1708.00;big
41;2818.00;11.28;1359.00;big
41;2784.00;14.55;1328.00;big
41;2767.00;12.93;1366.00;big
42;2670.00;9.50;1407.00;small
42;2735.00;9.50;1437.00;small
43;2610.00;9.50;1665.00;big
43;2642.00;9.50;1525.00;big
44;2294.00;9.50;1931.00;big
44;2414.00;9.50;1852.00;big
45;2877.00;9.50;1939.00;big
45;2650.00;9.50;1933.00;big
46;3464.00;9.50;1939.00;big
46;3186.00;9.50;2023.00;big
47;2588.00;9.50;1347.00;big
47;2532.00;9.50;1241.00;big
48;2616.00;9.50;1172.00;big
48;2527.00;9.50;1047.00;big
49;2431.00;9.50;1506.00;big
49;2307.00;9.50;1671.00;big
50;1867.00;9.50;1978.00;big
50;2078.00;9.50;1765.00;big
51;2321.00;9.50;1332.00;big
51;2191.00;9.50;1473.00;big
52;1351.00;9.50;1255.00;big
53;1848.00;9.50;1095.00;big
53;1606.00;9.50;1175.00;big
54;1701.00;9.50;1492.00;big
54;1778.00;9.50;1570.00;big
55;1868.00;9.50;1583.00;big
55;1875.00;9.50;1693.00;big
56;2089.00;9.50;1303.00;big
56;2034.00;9.50;1461.00;big
57;1863.00;9.50;1433.00;big
57;1804.00;9.50;1309.00;big
58;2355.00;9.50;1038.00;big
58;2265.00;9.50;1153.00;big
59;2001.00;9.50;1114.00;big
59;2087.00;9.50;952.00;big
60;3782.00;9.50;509.00;big
60;3854.00;9.50;724.00;big
61;2296.00;9.50;872.00;big
61;2491.00;9.50;826.00;big
62;2874.00;9.50;404.00;big
62;2696.00;9.50;581.00;big
63;1844.00;9.50;81.00;big
63;1619.00;9.50;96.00;big
64;2025.00;9.50;104.00;big
64;2338.00;9.50;117.00;big
65;3300.00;9.50;58.00;big
65;3028.00;9.50;119.00;big
66;2210.00;9.50;377.00;big
66;2433.00;9.50;538.00;big
67;2649.00;9.50;149.00;big
67;2853.00;9.50;100.00;big
68;2795.00;9.50;1263.00;big
68;2874.00;9.50;1316.00;big
69;3228.00;9.50;1207.00;big
69;3317.00;11.05;1229.00;big
70;3618.00;9.50;1344.00;small
70;3599.00;9.50;1431.00;small
71;4264.00;9.50;570.00;big
71;4072.00;9.50;529.00;big
72;4474.00;9.50;653.00;big
72;4348.00;9.50;738.00;big
73;4412.00;9.50;798.00;big
73;4410.00;9.50;754.00;big
74;4184.00;9.50;93.00;big
74;4117.00;9.50;288.00;big
75;4634.00;9.50;919.00;big
75;4532.00;9.50;768.00;big
76;4692.00;14.43;1036.00;big
76;4818.00;9.50;1117.00;big
77;4712.00;9.50;1191.00;small
77;4725.00;9.50;1289.00;small
78;4879.00;9.50;937.00;big
78;4871.00;9.50;789.00;big
79;5006.00;9.50;1471.00;big
79;4908.00;9.50;1320.00;big
80;4689.00;9.50;798.00;big
80;4703.00;9.50;711.00;big
81;5096.00;9.50;419.00;big
81;5236.00;9.50;355.00;big
82;4959.00;9.50;401.00;small
82;4950.00;9.50;481.00;small
83;5421.00;9.50;360.00;big
83;5280.00;9.50;520.00;big
84;5168.00;10.62;567.00;big
84;4908.00;9.50;702.00;big
84;5071.00;9.50;755.00;big
84;5265.00;9.50;748.00;big
85;3870.00;9.50;200.00;big
85;3617.00;9.50;169.00;big
86;5251.00;9.50;123.00;big
86;5519.00;9.50;154.00;big
87;5096.00;9.50;1464.00;big
87;5132.00;9.50;1655.00;big
88;116.00;9.50;1877.00;big
88;5500.00;9.50;1730.00;big
89;901.00;9.50;1366.00;small
89;829.00;9.50;1528.00;small
90;5058.00;9.50;1292.00;big
90;4942.00;9.50;1182.00;big
91;4883.00;9.50;543.00;big
91;4824.00;9.50;499.00;big
92;4734.00;9.50;449.00;big
92;4634.00;9.50;393.00;big
93;4677.00;14.18;606.00;big
93;4773.00;9.50;618.00;big
94;5024.00;10.50;1059.00;big
94;5127.00;9.50;921.00;big
95;48.00;9.50;1185.00;big
95;5475.00;9.50;1177.00;big
96;11.00;9.50;1526.00;big
96;5448.00;9.50;1500.00;big
97;5452.00;10.38;746.00;big
97;78.00;9.50;670.00;big
98;4744.00;9.50;68.00;big
98;4945.00;9.50;79.00;big
99;4461.00;9.50;416.00;big
99;4485.00;9.50;132.00;big
100;3535.00;9.50;845.00;small
100;3366.00;9.50;1062.00;small
101;4106.00;9.50;810.00;big
101;4253.00;9.50;852.00;big
102;3599.00;9.50;696.00;big
102;3499.00;9.50;516.00;big
103;3457.00;9.50;353.00;small
103;3381.00;9.50;244.00;small
104;3849.00;9.50;963.00;big
104;3735.00;9.50;882.00;big
105;432.00;9.50;1007.00;big
105;272.00;9.50;1162.00;big
106;1284.00;9.50;1091.00;big
106;1054.00;9.50;1241.00;big
107;1439.00;9.50;995.00;small
107;1515.00;9.50;919.00;small
108;1610.00;9.50;494.00;big
108;1564.00;9.50;261.00;big
109;1450.00;9.50;782.00;big
109;1507.00;9.50;643.00;big
110;1198.00;9.50;914.00;big
110;1173.00;9.50;690.00;big
111;688.00;9.50;1135.00;big
111;892.00;9.50;1047.00;big
112;268.00;9.50;147.00;big
112;672.00;9.50;120.00;big
113;824.00;9.50;457.00;big
113;665.00;9.50;333.00;big
114;342.00;9.50;1730.00;big
114;642.00;9.50;1686.00;big
115;748.00;9.50;1471.00;big
115;578.00;9.50;1448.00;big
116;3726.00;12.45;1096.00;big
116;3652.00;16.27;1185.00;big
116;3723.00;10.95;1179.00;big
116;3589.00;15.62;1215.00;big
117;1560.00;10.60;1465.00;small
117;1599.00;12.00;1543.00;small
118;907.00;13.28;1658.00;big
119;1272.00;10.50;1400.00;big
120;1283.00;10.90;1645.00;big
120;1326.00;10.30;1547.00;big
121;1569.00;10.70;1626.00;big
121;1686.00;11.12;1663.00;big
122;714.00;12.50;2028.00;big
123;1249.00;12.95;1244.00;small
123;1238.00;13.70;1184.00;small
124;1729.00;9.70;989.00;big
124;1603.00;17.00;887.00;big
125;2180.00;10.70;737.00;big
125;2128.00;11.98;566.00;big
125;1999.00;10.40;509.00;big
126;2954.00;10.90;1231.00;small
126;2815.00;14.18;1229.00;small
126;2893.00;11.98;1235.00;small
127;3215.00;9.80;1110.00;small
127;2921.00;10.53;954.00;small
127;2737.00;11.15;1020.00;small
127;3138.00;10.70;928.00;small
127;2885.00;10.10;1179.00;small
127;3040.00;10.70;1098.00;small
128;3285.00;9.80;1146.00;big
128;3324.00;9.95;1057.00;small
129;3292.00;13.00;1301.00;big
129;3418.00;14.43;1310.00;big
130;3325.00;9.70;1450.00;big
130;3327.00;9.80;1529.00;big
130;3387.00;9.80;1489.00;big
130;3254.00;10.10;1502.00;small
131;3334.00;10.00;1602.00;big
131;3274.00;9.80;1586.00;big
132;3274.00;9.70;1691.00;big
132;3353.00;9.90;1688.00;big
133;3420.00;9.80;1652.00;big
133;3400.00;10.03;1558.00;big
133;3466.00;9.90;1590.00;big
134;3474.00;12.90;1371.00;small
134;3532.00;11.25;1336.00;small
135;3515.00;10.20;1435.00;big
135;3437.00;9.78;1428.00;big
136;3814.00;9.85;1556.00;big
136;3928.00;10.10;1510.00;big
136;4056.00;10.20;1511.00;big
137;3473.00;10.03;1498.00;big
137;3615.00;10.53;1572.00;big
137;3539.00;11.48;1527.00;big
137;3618.00;9.60;1482.00;big
138;3721.00;12.43;1664.00;small
138;3731.00;10.62;1578.00;small
139;3142.00;12.40;155.00;big
139;3249.00;14.55;198.00;big
140;2938.00;10.73;790.00;big
140;2818.00;10.50;810.00;big
140;2708.00;10.82;858.00;big
141;4239.00;10.38;1057.00;big
141;4167.00;10.30;1045.00;big
142;4435.00;12.10;973.00;big
142;4470.00;11.62;905.00;big
143;4654.00;11.95;1257.00;big
143;4614.00;9.70;1295.00;big
144;4438.00;14.48;1254.00;big
144;4352.00;13.30;1339.00;big
145;4202.00;18.48;1304.00;big
145;4026.00;12.85;1293.00;big
146;4230.00;21.80;1157.00;big
146;4148.00;22.43;1120.00;big
146;4103.00;22.58;1201.00;big
147;4166.00;9.70;1941.00;big
147;4399.00;10.50;1901.00;big
148;4900.00;11.35;1419.00;big
148;4965.00;12.45;1483.00;big
149;4513.00;10.40;1749.00;big
149;4403.00;10.80;1634.00;big
150;3446.00;9.85;1724.00;big
150;3387.00;10.00;1775.00;big
150;3479.00;9.90;1781.00;big
151;4128.00;9.80;1680.00;big
151;4039.00;9.85;1638.00;big
151;3994.00;10.15;1745.00;big
152;4576.00;12.30;1468.00;big
152;4341.00;14.18;1438.00;big
152;4463.00;15.68;1436.00;big
153;4078.00;10.00;1076.00;big
153;4027.00;14.98;1146.00;big
154;4882.00;11.28;1209.00;big
154;4991.00;12.10;1283.00;big
155;4715.00;12.55;1395.00;big
155;4726.00;12.73;1338.00;big
155;4656.00;12.73;1353.00;big
156;4945.00;9.82;170.00;small
156;4710.00;10.62;207.00;small
157;5566.00;11.55;162.00;big
157;5475.00;12.55;62.00;big
158;4698.00;10.38;511.00;small
158;4525.00;12.10;534.00;small
159;4630.00;10.43;702.00;big
159;4561.00;10.45;641.00;big
160;4699.00;10.50;903.00;big
160;4748.00;10.78;777.00;big
161;2545.00;13.15;1895.00;small
161;2466.00;9.80;1899.00;small
162;3884.00;18.85;1231.00;big
162;3812.00;13.85;1207.00;big
163;1747.00;9.80;801.00;big
163;1825.00;9.85;649.00;big
163;1936.00;10.10;918.00;big
164;4631.00;10.88;1080.00;big
164;4681.00;11.93;1121.00;big
165;4441.00;14.55;1102.00;big
165;4547.00;9.90;1086.00;big
166;1485.00;9.50;1971.00;big
166;1525.00;9.50;1879.00;big
167;4932.00;11.78;600.00;big
167;5027.00;12.98;555.00;big
167;5106.00;15.65;516.00;big
168;3036.00;9.50;1383.00;small
169;2950.00;12.55;1335.00;big
170;1601.00;9.50;1312.00;big
170;1463.00;9.50;1295.00;big
171;387.00;9.50;1901.00;small
171;717.00;9.50;1837.00;small
172;273.00;9.50;695.00;big
172;439.00;9.50;729.00;big
173;2901.00;9.50;1649.00;small
173;2865.00;9.50;1701.00;small
174;2882.00;9.50;1747.00;small
174;2955.00;9.50;1921.00;small
175;892.00;9.50;737.00;big
175;660.00;9.50;714.00;big
176;113.00;9.50;1486.00;big
176;348.00;9.50;1427.00;big
177;5193.00;9.50;1184.00;big
177;5242.00;9.50;1357.00;big
178;109.00;9.98;430.00;big
178;5579.00;9.75;363.00;big
179;329.00;9.50;445.00;big
179;461.00;11.62;366.00;big
180;5594.00;9.50;947.00;big
180;129.00;9.50;868.00;big
181;3518.00;12.32;341.00;big
182;2632.00;12.23;1109.00;small
182;2701.00;16.25;1170.00;small
182;2746.00;12.53;1220.00;small
183;3105.00;10.48;802.00;big
184;3021.00;14.40;776.00;big
184;2969.00;12.78;675.00;big
185;3375.00;11.20;392.00;big
186;4804.00;12.10;1260.00;small
186;4784.00;13.80;1327.00;small
187;4377.00;9.90;660.00;small
187;4435.00;9.70;596.00;small
188;4403.00;10.15;717.00;small
188;4359.00;11.05;781.00;small
189;4296.00;9.98;1009.00;small
189;4314.00;10.75;929.00;small
190;3945.00;10.43;1179.00;big
190;3861.00;11.28;1093.00;big
191;3187.00;11.55;1983.00;small
191;3048.00;9.50;1916.00;small
192;3047.00;11.40;1793.00;big
192;3107.00;11.45;1887.00;big
193;4873.00;10.40;433.00;small
193;4914.00;10.40;428.00;small
194;5081.00;10.05;131.00;small
194;5078.00;10.30;308.00;small
195;4930.00;10.00;279.00;small
195;4758.00;10.60;281.00;small
196;3536.00;11.18;1075.00;small
196;3513.00;11.65;1032.00;small
197;1725.00;9.80;1636.00;small
197;1647.00;11.53;1593.00;small
198;1460.00;10.53;1570.00;big
199;1075.00;14.85;1653.00;big
200;4374.00;13.40;1254.00;big
200;4276.00;20.90;1247.00;big
201;1730.00;9.50;606.00;small
201;1604.00;17.08;741.00;small
201;1741.00;17.00;485.00;small
202;3215.00;9.50;1272.00;small
203;3637.00;9.50;1061.00;small
204;1060.00;9.88;1353.00;small
204;1175.00;15.60;1291.00;small
205;1321.00;10.07;1137.00;small
205;1400.00;9.93;1141.00;small
206;3071.00;9.50;1649.00;small
207;2985.00;9.50;1662.00;small
208;2807.00;10.00;1500.00;big
208;2788.00;9.70;1462.00;big
209;2728.00;12.10;1355.00;big
209;2684.00;14.00;1354.00;big
210;2703.00;11.15;1292.00;big
210;2758.00;11.93;1291.00;big
211;1504.00;9.80;1389.00;small
211;1390.00;10.30;1412.00;big
212;1266.00;9.50;1800.00;big
213;1811.00;9.70;1650.00;big
213;1774.00;9.80;1668.00;big
214;1538.00;11.25;1509.00;big
214;1465.00;12.05;1473.00;big
215;3074.00;14.12;278.00;big
216;3298.00;10.60;889.00;big
217;3356.00;14.23;660.00;big
217;3362.00;12.32;558.00;big
218;904.00;9.70;1535.00;big
218;959.00;13.10;1463.00;small
219;1072.00;15.48;1472.00;big
219;1164.00;17.62;1499.00;small
220;1873.00;9.50;1817.00;big
220;1777.00;11.60;1812.00;big
220;1936.00;9.60;1699.00;big
221;1103.00;11.15;1793.00;big
222;1077.00;10.90;1980.00;big
222;914.00;10.85;1960.00;big
223;3259.00;13.23;428.00;big
223;3231.00;12.10;285.00;big
224;3056.00;14.03;450.00;big
225;3149.00;11.12;1174.00;small
225;3094.00;10.12;1142.00;small
225;3020.00;10.20;1167.00;small
226;2616.00;10.07;797.00;small
226;2570.00;10.85;871.00;big
227;3260.00;9.50;616.00;big
227;3263.00;12.12;689.00;big
227;3198.00;10.70;690.00;big
228;4440.00;9.70;830.00;big
228;4491.00;11.95;860.00;big
229;4394.00;10.38;883.00;big
229;4361.00;9.70;924.00;big
230;4025.00;10.20;816.00;big
230;4064.00;13.28;770.00;big
231;4049.00;9.80;894.00;big
231;4119.00;14.00;976.00;big
232;3370.00;11.28;1219.00;big
232;3354.00;10.75;1159.00;big
233;1646.00;10.62;1721.00;big
233;1644.00;9.50;1880.00;big
234;1408.00;10.50;1748.00;big
234;1521.00;11.30;1693.00;big
235;899.00;14.75;1748.00;big
235;823.00;12.65;1880.00;big
236;3456.00;11.25;967.00;big
236;3521.00;12.48;909.00;big
237;3416.00;11.82;1110.00;big
237;3432.00;12.43;1045.00;big
238;3687.00;9.70;1007.00;big
238;3608.00;9.80;1030.00;big
239;3527.00;13.38;1285.00;big
239;3602.00;15.32;1257.00;big
240;3554.00;11.28;1203.00;big
240;3655.00;13.40;1126.00;big
241;3722.00;12.43;1250.00;big
241;3658.00;12.23;1223.00;big
242;4693.00;11.45;1509.00;big
242;4784.00;12.43;1467.00;big
243;4784.00;11.88;1380.00;big
243;4857.00;12.30;1419.00;big
244;4621.00;12.57;1407.00;big
244;4572.00;13.65;1345.00;big
245;4510.00;13.55;1258.00;big
245;4560.00;14.48;1294.00;big
246;4484.00;11.28;1167.00;big
246;4553.00;9.70;1153.00;big
247;4593.00;11.25;1214.00;big
247;4662.00;9.73;1176.00;big
248;4515.00;9.57;1000.00;big
248;4577.00;9.82;1032.00;big
249;4411.00;13.53;1032.00;big
249;4370.00;14.65;1072.00;big
250;4403.00;20.40;1170.00;big
250;4306.00;20.83;1145.00;big
251;4013.00;21.05;1219.00;big
251;3967.00;18.55;1220.00;big
252;4128.00;10.65;1408.00;big
252;4225.00;13.25;1392.00;big
253;4004.00;10.45;1017.00;big
253;4081.00;10.30;1002.00;big
254;3969.00;10.62;1082.00;big
254;3922.00;10.05;1023.00;big
255;4804.00;10.78;1593.00;big
255;4905.00;12.60;1552.00;big
256;4606.00;11.70;1619.00;big
256;4493.00;16.18;1544.00;big
257;5310.00;10.40;1673.00;big
257;50.00;10.18;2030.00;big
258;5195.00;11.75;1784.00;big
258;4919.00;11.82;1670.00;big
259;5156.00;9.80;1879.00;big
259;4830.00;12.85;1890.00;big
260;4767.00;12.10;1733.00;big
260;4683.00;10.70;1904.00;big
261;4180.00;11.10;1600.00;big
261;4100.00;9.93;1574.00;big
262;4326.00;11.20;1738.00;big
262;4229.00;10.40;1671.00;big
263;4027.00;9.70;1854.00;big
263;3857.00;10.05;1886.00;big
264;3717.00;9.70;1873.00;big
264;3585.00;10.40;1801.00;big
265;3333.00;9.80;1781.00;big
265;3317.00;9.80;1847.00;big
266;4322.00;13.95;1549.00;big
266;4246.00;14.38;1481.00;big
267;3682.00;9.80;1382.00;big
267;3762.00;9.80;1302.00;big
268;4038.00;10.70;1434.00;big
268;3976.00;12.25;1362.00;big
269;3837.00;11.55;1322.00;big
269;3898.00;17.02;1298.00;big
270;3722.00;9.85;1491.00;big
270;3847.00;10.60;1390.00;big
271;3165.00;11.18;562.00;big
271;3217.00;13.10;485.00;big
272;3059.00;11.12;582.00;big
272;3119.00;11.00;664.00;big
273;3447.00;10.95;846.00;big
273;3410.00;13.80;890.00;big
274;3539.00;11.10;797.00;big
274;3491.00;10.98;713.00;big
