
state={
	id=400
	name="STATE_400"
	resources={
		aluminium=14.000
	}

	history={
		owner = REM
		buildings = {
			infrastructure = 2

		}
		add_core_of = SOV
		add_core_of = REM
		victory_points = {
			6124 1 
		}

	}

	provinces={
		9222 3099 9043 3135 6180 6113 23 31 45 73 88 112 119 135 146 175 196 272 359 3004 3017 3027 3041 3066 3087 3102 3103 3112 3139 3146 3167 3177 3186 3264 3270 3363 3394 6089 6110 6112 6119 6124 6133 6158 6162 6171 6190 6191 6213 6224 6274 6288 6297 6383 9050 9065 9114 9133 9136 9146 9155 9172 9180 9192 9200 9210 9214 9232 9370 10200 11025 11027 11035 11051 11075 11087 11110 11124 11133 11149 11158 11170 11180 11192 11193 11354 11365 
	}
	manpower=2115475
	buildings_max_level_factor=1.000
	state_category=town
	local_supplies=0.000
}
